 MASS/MSUN=  1.000, X=  .740, Y=  .240
 NTRY 15,N=201,NFOUT= 60,NFIN=142, QFIT=  .200
 GUESSES: Pc= 1.483D+17, Tc= 1.449D+07
          R= 6.930D+10, L/LSUN= 9.000D-01
  ****ITERATION NUMBER =    1
 MISMATCH AT FITTING POINT
  -4.136429D-02  -3.001551D-02   3.530799D-03  -3.737418D-02
 Pc, Tc, R, L,  FOR ITRY =    1
   3.953801D+01   1.648897D+01   2.496171D+01   7.722724D+01
 RAW CORRECTIONS FOR ITRY =    1
  -1.196688D-04  -4.882291D-03   7.104462D-04   1.026573D-02
 APPLIED CORRECTIONS FOR ITRY =   1
  -1.196688D-04  -4.882291D-03   7.104462D-04   1.026573D-02
 GUESSES FOR NEXT ITERATION
   3.953789D+01   1.648409D+01   2.496242D+01   7.723751D+01
  ****ITERATION NUMBER =    2
 MISMATCH AT FITTING POINT
   1.022724D-03   1.863176D-03  -1.547620D-05   1.656010D-03
 Pc, Tc, R, L,  FOR ITRY =    2
   3.953789D+01   1.648409D+01   2.496242D+01   7.723751D+01
 RAW CORRECTIONS FOR ITRY =    2
  -5.409360D-04  -1.531800D-05  -4.101220D-04  -1.096789D-03
 APPLIED CORRECTIONS FOR ITRY =   2
  -5.409360D-04  -1.531800D-05  -4.101220D-04  -1.096789D-03
 GUESSES FOR NEXT ITERATION
   3.953735D+01   1.648407D+01   2.496201D+01   7.723641D+01
                    *****FINAL MODEL*****
 Pc: 1.4820D+17, Tc: 1.4419D+07, R: 6.9321D+10, L: 3.4942D+33
 Teff:  5.6522D+03, LOG(Teff): 3.7522, LOG(L/LSUN): -.0418
           1-Mr/M       LOG(r)   LOG(P)  LOG(T) LOG(RHO) LOG(L)
    2    9.98776351D-01  9.28096 17.1603  7.1551  1.9145 31.6380
    3    9.97511452D-01  9.38525 17.1539  7.1528  1.9104 31.9306
    4    9.96203968D-01  9.44732 17.1483  7.1507  1.9068 32.1041
    5    9.94852527D-01  9.49218 17.1432  7.1489  1.9035 32.2283
    6    9.93455716D-01  9.52763 17.1383  7.1471  1.9004 32.3255
    7    9.92012082D-01  9.55714 17.1336  7.1454  1.8973 32.4054
    8    9.90520130D-01  9.58255 17.1290  7.1438  1.8943 32.4735
    9    9.88978322D-01  9.60498 17.1245  7.1422  1.8913 32.5329
   10    9.87385079D-01  9.62512 17.1200  7.1406  1.8884 32.5856
   11    9.85738775D-01  9.64347 17.1155  7.1390  1.8855 32.6331
   12    9.84037742D-01  9.66037 17.1111  7.1375  1.8826 32.6763
   13    9.82280263D-01  9.67608 17.1066  7.1359  1.8796 32.7160
   14    9.80464578D-01  9.69079 17.1022  7.1343  1.8767 32.7527
   15    9.78588878D-01  9.70465 17.0977  7.1328  1.8737 32.7869
   16    9.76651308D-01  9.71779 17.0931  7.1312  1.8707 32.8190
   17    9.74649963D-01  9.73029 17.0885  7.1296  1.8677 32.8491
   18    9.72582890D-01  9.74224 17.0839  7.1280  1.8646 32.8775
   19    9.70448085D-01  9.75371 17.0792  7.1264  1.8615 32.9044
   20    9.68243497D-01  9.76475 17.0745  7.1247  1.8583 32.9299
   21    9.65967023D-01  9.77540 17.0697  7.1231  1.8551 32.9543
   22    9.63616508D-01  9.78571 17.0648  7.1214  1.8519 32.9775
   23    9.61189749D-01  9.79570 17.0599  7.1197  1.8486 32.9998
   24    9.58684489D-01  9.80542 17.0548  7.1180  1.8452 33.0211
   25    9.56098421D-01  9.81488 17.0497  7.1163  1.8418 33.0415
   26    9.53429187D-01  9.82410 17.0445  7.1145  1.8383 33.0612
   27    9.50674378D-01  9.83312 17.0392  7.1127  1.8347 33.0801
   28    9.47831532D-01  9.84194 17.0338  7.1109  1.8310 33.0983
   29    9.44898139D-01  9.85058 17.0283  7.1090  1.8273 33.1159
   30    9.41871637D-01  9.85905 17.0227  7.1072  1.8235 33.1329
   31    9.38749416D-01  9.86738 17.0170  7.1052  1.8196 33.1492
   32    9.35528817D-01  9.87557 17.0111  7.1033  1.8157 33.1651
   33    9.32207132D-01  9.88362 17.0052  7.1013  1.8116 33.1804
   34    9.28781608D-01  9.89156 16.9991  7.0993  1.8075 33.1952
   35    9.25249446D-01  9.89938 16.9929  7.0972  1.8032 33.2096
   36    9.21607804D-01  9.90710 16.9865  7.0952  1.7989 33.2235
   37    9.17853798D-01  9.91473 16.9800  7.0930  1.7944 33.2370
   38    9.13984505D-01  9.92226 16.9734  7.0909  1.7899 33.2500
   39    9.09996963D-01  9.92972 16.9666  7.0887  1.7852 33.2626
   40    9.05888177D-01  9.93709 16.9597  7.0864  1.7804 33.2749
   41    9.01655120D-01  9.94440 16.9526  7.0841  1.7755 33.2868
   42    8.97294735D-01  9.95164 16.9453  7.0818  1.7705 33.2983
   43    8.92803943D-01  9.95881 16.9379  7.0794  1.7654 33.3094
   44    8.88179641D-01  9.96593 16.9303  7.0769  1.7601 33.3202
   45    8.83418710D-01  9.97300 16.9225  7.0744  1.7547 33.3306
   46    8.78518021D-01  9.98001 16.9145  7.0719  1.7491 33.3408
   47    8.73474436D-01  9.98698 16.9064  7.0693  1.7434 33.3506
   48    8.68284816D-01  9.99391 16.8980  7.0667  1.7376 33.3601
   49    8.62946029D-01 10.00079 16.8895  7.0640  1.7315 33.3692
   50    8.57454952D-01 10.00764 16.8807  7.0612  1.7254 33.3781
   51    8.51808480D-01 10.01446 16.8717  7.0584  1.7190 33.3867
   52    8.46003537D-01 10.02125 16.8625  7.0556  1.7125 33.3949
   53    8.40037078D-01 10.02800 16.8530  7.0526  1.7059 33.4029
   54    8.33906103D-01 10.03474 16.8433  7.0497  1.6990 33.4106
   55    8.27607663D-01 10.04145 16.8334  7.0466  1.6919 33.4180
   56    8.21138872D-01 10.04813 16.8232  7.0435  1.6847 33.4252
   57    8.14496915D-01 10.05480 16.8128  7.0403  1.6772 33.4321
   58    8.07679063D-01 10.06146 16.8021  7.0371  1.6696 33.4387
   59    8.00682681D-01 10.06810 16.7911  7.0338  1.6617 33.4450
   60    7.93505243D-01 10.07472 16.7798  7.0304  1.6536 33.4511
   61    7.86144345D-01 10.08135 16.7682  7.0270  1.6452 33.4570
   62    7.78597716D-01 10.08796 16.7563  7.0235  1.6366 33.4626
   63    7.70863240D-01 10.09456 16.7441  7.0199  1.6278 33.4679
   64    7.62938961D-01 10.10115 16.7316  7.0162  1.6187 33.4730
   65    7.54823108D-01 10.10775 16.7188  7.0124  1.6094 33.4779
   66    7.46514107D-01 10.11434 16.7056  7.0086  1.5998 33.4825
   67    7.38010602D-01 10.12093 16.6921  7.0047  1.5899 33.4870
   68    7.29311467D-01 10.12753 16.6782  7.0007  1.5798 33.4911
   69    7.20415834D-01 10.13412 16.6639  6.9966  1.5693 33.4951
   70    7.11323102D-01 10.14072 16.6493  6.9924  1.5585 33.4989
   71    7.02032967D-01 10.14733 16.6342  6.9881  1.5474 33.5024
   72    6.92545434D-01 10.15395 16.6187  6.9838  1.5360 33.5058
   73    6.82860844D-01 10.16058 16.6029  6.9793  1.5243 33.5089
   74    6.72979893D-01 10.16722 16.5865  6.9747  1.5122 33.5119
   75    6.62903653D-01 10.17387 16.5698  6.9701  1.4997 33.5147
   76    6.52633598D-01 10.18053 16.5526  6.9653  1.4869 33.5173
   77    6.42171620D-01 10.18721 16.5349  6.9605  1.4737 33.5197
   78    6.31520056D-01 10.19391 16.5167  6.9555  1.4601 33.5220
   79    6.20681711D-01 10.20063 16.4980  6.9504  1.4461 33.5241
   80    6.09659875D-01 10.20737 16.4788  6.9453  1.4317 33.5260
   81    5.98458349D-01 10.21413 16.4591  6.9400  1.4168 33.5278
   82    5.87081464D-01 10.22091 16.4388  6.9346  1.4015 33.5294
   83    5.75534102D-01 10.22772 16.4180  6.9290  1.3858 33.5310
   84    5.63821717D-01 10.23455 16.3966  6.9234  1.3696 33.5323
   85    5.51950351D-01 10.24142 16.3746  6.9176  1.3529 33.5336
   86    5.39926651D-01 10.24831 16.3520  6.9117  1.3357 33.5348
   87    5.27757887D-01 10.25523 16.3287  6.9057  1.3180 33.5358
   88    5.15451964D-01 10.26219 16.3048  6.8995  1.2997 33.5367
   89    5.03017433D-01 10.26918 16.2802  6.8932  1.2809 33.5376
   90    4.90463500D-01 10.27620 16.2550  6.8867  1.2616 33.5383
   91    4.77800036D-01 10.28326 16.2290  6.8802  1.2417 33.5390
   92    4.65037575D-01 10.29036 16.2023  6.8734  1.2212 33.5396
   93    4.52187318D-01 10.29750 16.1749  6.8665  1.2001 33.5402
   94    4.39261127D-01 10.30468 16.1467  6.8595  1.1784 33.5406
   95    4.26271522D-01 10.31190 16.1178  6.8523  1.1560 33.5410
   96    4.13231663D-01 10.31917 16.0880  6.8449  1.1330 33.5414
   97    4.00155341D-01 10.32648 16.0574  6.8374  1.1093 33.5417
   98    3.87056950D-01 10.33384 16.0259  6.8297  1.0849 33.5420
   99    3.73951467D-01 10.34125 15.9936  6.8218  1.0599 33.5422
  100    3.60854417D-01 10.34870 15.9603  6.8137  1.0341 33.5424
  101    3.47781837D-01 10.35621 15.9262  6.8055  1.0075 33.5426
  102    3.34750234D-01 10.36376 15.8911  6.7970   .9802 33.5427
  103    3.21776535D-01 10.37137 15.8550  6.7884   .9521 33.5428
  104    3.08878034D-01 10.37904 15.8180  6.7796   .9232 33.5429
  105    2.96072330D-01 10.38675 15.7799  6.7705   .8936 33.5430
  106    2.83377260D-01 10.39453 15.7408  6.7613   .8630 33.5431
  107    2.70810826D-01 10.40235 15.7007  6.7518   .8316 33.5431
  108    2.58391119D-01 10.41024 15.6594  6.7421   .7994 33.5432
  109    2.46136233D-01 10.41818 15.6170  6.7322   .7663 33.5432
  110    2.34064173D-01 10.42618 15.5735  6.7221   .7322 33.5433
  111    2.22192767D-01 10.43424 15.5288  6.7117   .6972 33.5433
  112    2.10539562D-01 10.44236 15.4830  6.7011   .6613 33.5433
  113    1.99121725D-01 10.45054 15.4359  6.6902   .6244 33.5433
  114    1.87955938D-01 10.45877 15.3875  6.6791   .5866 33.5433
  115    1.77058289D-01 10.46706 15.3379  6.6677   .5477 33.5433
  116    1.66444168D-01 10.47541 15.2871  6.6561   .5078 33.5433
  117    1.56128157D-01 10.48381 15.2348  6.6442   .4668 33.5433
  118    1.46123924D-01 10.49227 15.1813  6.6320   .4248 33.5433
  119    1.36444120D-01 10.50078 15.1263  6.6195   .3817 33.5433
  120    1.27100276D-01 10.50935 15.0700  6.6068   .3376 33.5433
  121    1.18102713D-01 10.51797 15.0123  6.5937   .2923 33.5433
  122    1.09460447D-01 10.52663 14.9531  6.5804   .2458 33.5433
  123    1.01181118D-01 10.53534 14.8924  6.5667   .1982 33.5433
  124    9.32709080D-02 10.54410 14.8302  6.5528   .1495 33.5433
  125    8.57344907D-02 10.55289 14.7665  6.5385   .0995 33.5433
  126    7.85749780D-02 10.56173 14.7013  6.5239   .0484 33.5433
  127    7.17938872D-02 10.57059 14.6345  6.5090  -.0040 33.5433
  128    6.53911207D-02 10.57949 14.5661  6.4937  -.0576 33.5433
  129    5.93649612D-02 10.58841 14.4960  6.4781  -.1125 33.5433
  130    5.37120831D-02 10.59734 14.4244  6.4622  -.1687 33.5433
  131    4.84275799D-02 10.60630 14.3511  6.4459  -.2261 33.5433
  132    4.35050091D-02 10.61526 14.2761  6.4292  -.2849 33.5433
  133    3.89364533D-02 10.62422 14.1994  6.4122  -.3449 33.5433
  134    3.47125976D-02 10.63318 14.1210  6.3948  -.4063 33.5433
  135    3.08228231D-02 10.64213 14.0409  6.3771  -.4691 33.5433
  136    2.72553145D-02 10.65105 13.9590  6.3589  -.5331 33.5433
  137    2.39971818D-02 10.65995 13.8754  6.3404  -.5985 33.5433
  138    2.10345924D-02 10.66881 13.7900  6.3214  -.6653 33.5433
  139    1.83529146D-02 10.67762 13.7028  6.3021  -.7333 33.5433
  140    1.59368679D-02 10.68637 13.6139  6.2823  -.8027 33.5433
  141    1.37706781D-02 10.69505 13.5232  6.2619  -.8733 33.5433
  142    1.18382366D-02 10.70364 13.4307  6.2411  -.9451 33.5433
  143    1.01232581D-02 10.71213 13.3366  6.2196 -1.0180 33.5433
  144    8.60943738D-03 10.72050 13.2407  6.1973 -1.0918 33.5433
  145    7.28059946D-03 10.72874 13.1431  6.1740 -1.1662 33.5433
  146    6.12084300D-03 10.73680 13.0439  6.1492 -1.2408 33.5433
  147    5.11467313D-03 10.74465 12.9431  6.1221 -1.3146 33.5433
  148    4.24712224D-03 10.75224 12.8408  6.0908 -1.3857 33.5433
  149    3.50385664D-03 10.75947 12.7369  6.0517 -1.4504 33.5433
  150    2.87126780D-03 10.76625 12.6313  6.0096 -1.5138 33.5433
  151    2.33654705D-03 10.77259 12.5239  5.9667 -1.5783 33.5433
  152    1.88774309D-03 10.77852 12.4145  5.9231 -1.6440 33.5433
  153    1.51380223D-03 10.78406 12.3030  5.8786 -1.7110 33.5433
  154    1.20459155D-03 10.78921 12.1891  5.8332 -1.7793 33.5433
  155    9.50905713D-04 10.79399 12.0729  5.7868 -1.8491 33.5433
  156    7.44458544D-04 10.79843 11.9540  5.7394 -1.9205 33.5433
  157    5.77860737D-04 10.80254 11.8323  5.6909 -1.9935 33.5433
  158    4.44585454D-04 10.80633 11.7076  5.6412 -2.0684 33.5433
  159    3.38923696D-04 10.80981 11.5798  5.5903 -2.1451 33.5433
  160    2.55931506D-04 10.81302 11.4487  5.5382 -2.2239 33.5433
  161    1.91371092D-04 10.81595 11.3141  5.4847 -2.3048 33.5433
  162    1.41647938D-04 10.81862 11.1758  5.4300 -2.3880 33.5433
  163    1.03745882D-04 10.82105 11.0336  5.3740 -2.4737 33.5433
  164    7.51619602D-05 10.82325 10.8872  5.3168 -2.5622 33.5433
  165    5.38426321D-05 10.82525 10.7366  5.2588 -2.6537 33.5433
  166    3.81227265D-05 10.82704 10.5814  5.2002 -2.7487 33.5433
  167    2.66681962D-05 10.82866 10.4215  5.1416 -2.8479 33.5433
  168    1.84234801D-05 10.83012 10.2566  5.0834 -2.9518 33.5433
  169    1.25640000D-05 10.83142 10.0866  5.0251 -3.0602 33.5433
  170    8.45406646D-06 10.83259  9.9110  4.9652 -3.1725 33.5433
  171    5.61023698D-06 10.83364  9.7299  4.9023 -3.2875 33.5433
  172    3.66998086D-06 10.83457  9.5428  4.8358 -3.4050 33.5433
  173    2.36534930D-06 10.83538  9.3497  4.7683 -3.5265 33.5433
  174    1.50123911D-06 10.83609  9.1501  4.7027 -3.6547 33.5433
  175    9.37764666D-07 10.83672  8.9438  4.6415 -3.7918 33.5433
  176    5.76216116D-07 10.83728  8.7305  4.5849 -3.9385 33.5433
  177    3.48076049D-07 10.83777  8.5101  4.5321 -4.0947 33.5433
  178    2.06586047D-07 10.83822  8.2821  4.4821 -4.2598 33.5433
  179    1.20392039D-07 10.83861  8.0463  4.4343 -4.4337 33.5433
  180    6.88473050D-08 10.83897  7.8025  4.3889 -4.6166 33.5433
  181    3.86083498D-08 10.83929  7.5503  4.3455 -4.8087 33.5433
  182    2.12169685D-08 10.83958  7.2894  4.3037 -5.0096 33.5433
  183    1.14178807D-08 10.83984  7.0197  4.2627 -5.2182 33.5433
  184    6.01269591D-09 10.84008  6.7407  4.2212 -5.4326 33.5433
  185    3.09602825D-09 10.84028  6.4525  4.1773 -5.6498 33.5433
  186    1.76108470D-09 10.84043  6.2080  4.1370 -5.8276 33.5433
  187    1.09020770D-09 10.84054  6.0008  4.0982 -5.9718 33.5433
  188    7.25235303D-10 10.84062  5.8254  4.0594 -6.0880 33.5433
  189    5.12865162D-10 10.84068  5.6771  4.0195 -6.1813 33.5433
  190    3.82031177D-10 10.84073  5.5518  3.9776 -6.2548 33.5433
  191    2.97426795D-10 10.84076  5.4459  3.9329 -6.3104 33.5433
  192    2.40419202D-10 10.84079  5.3566  3.8861 -6.3505 33.5433
  193    2.00641092D-10 10.84080  5.2813  3.8412 -6.3801 33.5433
  194    1.72049334D-10 10.84082  5.2177  3.8057 -6.4079 33.5433
  195    1.50973593D-10 10.84083  5.1640  3.7850 -6.4407 33.5433
  196    1.35102084D-10 10.84084  5.1188  3.7728 -6.4738 33.5433
  197    1.22930183D-10 10.84085  5.0805  3.7649 -6.5041 33.5433
  198    1.13450316D-10 10.84085  5.0483  3.7593 -6.5308 33.5433
  199    1.05969514D-10 10.84086  5.0210  3.7553 -6.5541 33.5433
  200    1.00000000D-10 10.84086  4.9979  3.7522 -6.5741 33.5433
 ***************************************
    LOG(EPS) LOG(OP) LOG(Lc)   Lc/Ltot  DEL     DELAD       DELRAD
   2  1.2278   .1844   .0000   .0000  .37297  .39887         .3730
   3  1.2131   .1885   .0000   .0000  .36572  .39887         .3657
   4  1.2006   .1920   .0000   .0000  .36252  .39888         .3625
   5  1.1891   .1952   .0000   .0000  .36040  .39888         .3604
   6  1.1783   .1982   .0000   .0000  .35874  .39888         .3587
   7  1.1678   .2010   .0000   .0000  .35733  .39888         .3573
   8  1.1577   .2038   .0000   .0000  .35607  .39889         .3561
   9  1.1478   .2065   .0000   .0000  .35490  .39889         .3549
  10  1.1380   .2092   .0000   .0000  .35380  .39889         .3538
  11  1.1283   .2119   .0000   .0000  .35275  .39889         .3527
  12  1.1186   .2145   .0000   .0000  .35173  .39889         .3517
  13  1.1090   .2172   .0000   .0000  .35075  .39890         .3507
  14  1.0993   .2198   .0000   .0000  .34978  .39890         .3498
  15  1.0896   .2225   .0000   .0000  .34882  .39890         .3488
  16  1.0799   .2251   .0000   .0000  .34788  .39890         .3479
  17  1.0700   .2278   .0000   .0000  .34695  .39890         .3469
  18  1.0601   .2305   .0000   .0000  .34602  .39890         .3460
  19  1.0502   .2332   .0000   .0000  .34509  .39890         .3451
  20  1.0401   .2359   .0000   .0000  .34417  .39891         .3442
  21  1.0298   .2386   .0000   .0000  .34324  .39891         .3432
  22  1.0195   .2414   .0000   .0000  .34231  .39891         .3423
  23  1.0090   .2442   .0000   .0000  .34138  .39891         .3414
  24   .9983   .2471   .0000   .0000  .34045  .39891         .3405
  25   .9875   .2499   .0000   .0000  .33951  .39891         .3395
  26   .9766   .2528   .0000   .0000  .33857  .39892         .3386
  27   .9654   .2558   .0000   .0000  .33762  .39892         .3376
  28   .9540   .2588   .0000   .0000  .33666  .39892         .3367
  29   .9425   .2618   .0000   .0000  .33569  .39892         .3357
  30   .9307   .2649   .0000   .0000  .33472  .39892         .3347
  31   .9188   .2680   .0000   .0000  .33373  .39892         .3337
  32   .9065   .2712   .0000   .0000  .33274  .39892         .3327
  33   .8941   .2744   .0000   .0000  .33173  .39892         .3317
  34   .8814   .2777   .0000   .0000  .33072  .39893         .3307
  35   .8685   .2810   .0000   .0000  .32969  .39893         .3297
  36   .8552   .2844   .0000   .0000  .32865  .39893         .3287
  37   .8417   .2878   .0000   .0000  .32760  .39893         .3276
  38   .8280   .2913   .0000   .0000  .32654  .39893         .3265
  39   .8139   .2949   .0000   .0000  .32546  .39893         .3255
  40   .7995   .2985   .0000   .0000  .32437  .39893         .3244
  41   .7848   .3021   .0000   .0000  .32327  .39894         .3233
  42   .7698   .3059   .0000   .0000  .32215  .39894         .3221
  43   .7544   .3097   .0000   .0000  .32102  .39894         .3210
  44   .7387   .3135   .0000   .0000  .31987  .39894         .3199
  45   .7226   .3174   .0000   .0000  .31871  .39894         .3187
  46   .7061   .3214   .0000   .0000  .31753  .39894         .3175
  47   .6893   .3255   .0000   .0000  .31634  .39894         .3163
  48   .6720   .3296   .0000   .0000  .31514  .39894         .3151
  49   .6544   .3338   .0000   .0000  .31391  .39894         .3139
  50   .6363   .3380   .0000   .0000  .31268  .39895         .3127
  51   .6178   .3423   .0000   .0000  .31142  .39895         .3114
  52   .5988   .3467   .0000   .0000  .31016  .39895         .3102
  53   .5794   .3512   .0000   .0000  .30887  .39895         .3089
  54   .5595   .3558   .0000   .0000  .30758  .39895         .3076
  55   .5391   .3604   .0000   .0000  .30626  .39895         .3063
  56   .5181   .3651   .0000   .0000  .30494  .39895         .3049
  57   .4967   .3699   .0000   .0000  .30359  .39895         .3036
  58   .4747   .3747   .0000   .0000  .30224  .39895         .3022
  59   .4521   .3796   .0000   .0000  .30087  .39895         .3009
  60   .4290   .3846   .0000   .0000  .29949  .39895         .2995
  61   .4055   .3895   .0000   .0000  .29773  .39895         .2977
  62   .3812   .3946   .0000   .0000  .29630  .39895         .2963
  63   .3562   .3998   .0000   .0000  .29486  .39895         .2949
  64   .3306   .4051   .0000   .0000  .29341  .39895         .2934
  65   .3044   .4105   .0000   .0000  .29194  .39895         .2919
  66   .2774   .4160   .0000   .0000  .29047  .39895         .2905
  67   .2497   .4215   .0000   .0000  .28898  .39896         .2890
  68   .2213   .4271   .0000   .0000  .28748  .39896         .2875
  69   .1922   .4328   .0000   .0000  .28598  .39896         .2860
  70   .1622   .4386   .0000   .0000  .28447  .39896         .2845
  71   .1315   .4445   .0000   .0000  .28295  .39895         .2829
  72   .0999   .4504   .0000   .0000  .28143  .39895         .2814
  73   .0675   .4564   .0000   .0000  .27990  .39895         .2799
  74   .0342   .4625   .0000   .0000  .27837  .39895         .2784
  75   .0000   .4686   .0000   .0000  .27683  .39895         .2768
  76  -.0351   .4748   .0000   .0000  .27530  .39895         .2753
  77  -.0712   .4811   .0000   .0000  .27377  .39895         .2738
  78  -.1083   .4875   .0000   .0000  .27224  .39895         .2722
  79  -.1465   .4940   .0000   .0000  .27071  .39895         .2707
  80  -.1856   .5005   .0000   .0000  .26919  .39895         .2692
  81  -.2259   .5071   .0000   .0000  .26767  .39895         .2677
  82  -.2673   .5137   .0000   .0000  .26617  .39895         .2662
  83  -.3098   .5205   .0000   .0000  .26467  .39895         .2647
  84  -.3535   .5273   .0000   .0000  .26319  .39895         .2632
  85  -.3985   .5341   .0000   .0000  .26171  .39895         .2617
  86  -.4447   .5411   .0000   .0000  .26026  .39894         .2603
  87  -.4922   .5481   .0000   .0000  .25881  .39894         .2588
  88  -.5411   .5551   .0000   .0000  .25739  .39894         .2574
  89  -.5914   .5622   .0000   .0000  .25598  .39894         .2560
  90  -.6431   .5694   .0000   .0000  .25460  .39894         .2546
  91  -.6963   .5767   .0000   .0000  .25323  .39894         .2532
  92  -.7511   .5840   .0000   .0000  .25189  .39894         .2519
  93  -.8074   .5913   .0000   .0000  .25058  .39893         .2506
  94  -.8654   .5988   .0000   .0000  .24928  .39893         .2493
  95  -.9250   .6062   .0000   .0000  .24802  .39893         .2480
  96  -.9864   .6138   .0000   .0000  .24678  .39893         .2468
  97 -1.0496   .6214   .0000   .0000  .24557  .39893         .2456
  98 -1.1146   .6290   .0000   .0000  .24439  .39892         .2444
  99 -1.1816   .6367   .0000   .0000  .24324  .39892         .2432
 100 -1.2505   .6445   .0000   .0000  .24211  .39892         .2421
 101 -1.3215   .6523   .0000   .0000  .24102  .39892         .2410
 102 -1.3945   .6602   .0000   .0000  .23996  .39892         .2400
 103 -1.4698   .6681   .0000   .0000  .23893  .39892         .2389
 104 -1.5473   .6761   .0000   .0000  .23794  .39891         .2379
 105 -1.6272   .6841   .0000   .0000  .23697  .39891         .2370
 106 -1.7094   .6922   .0000   .0000  .23604  .39891         .2360
 107 -1.7941   .7004   .0000   .0000  .23513  .39891         .2351
 108 -1.8814   .7086   .0000   .0000  .23426  .39891         .2343
 109 -1.9713   .7168   .0000   .0000  .23342  .39890         .2334
 110 -2.0640   .7251   .0000   .0000  .23262  .39890         .2326
 111 -2.1595   .7335   .0000   .0000  .23184  .39890         .2318
 112 -2.2579   .7420   .0000   .0000  .23109  .39890         .2311
 113 -2.3593   .7505   .0000   .0000  .23037  .39890         .2304
 114 -2.4638   .7590   .0000   .0000  .22969  .39889         .2297
 115 -2.5715   .7677   .0000   .0000  .22903  .39889         .2290
 116 -2.6826   .7764   .0000   .0000  .22840  .39889         .2284
 117 -2.7971   .7851   .0000   .0000  .22780  .39889         .2278
 118 -2.9151   .7940   .0000   .0000  .22722  .39889         .2272
 119 -3.0367   .8029   .0000   .0000  .22668  .39888         .2267
 120 -3.1622   .8119   .0000   .0000  .22616  .39888         .2262
 121 -3.2915   .8209   .0000   .0000  .22566  .39888         .2257
 122 -3.4249   .8301   .0000   .0000  .22520  .39888         .2252
 123 -3.5624   .8393   .0000   .0000  .22475  .39887         .2248
 124 -3.7042   .8487   .0000   .0000  .22434  .39887         .2243
 125 -3.8504   .8581   .0000   .0000  .22394  .39887         .2239
 126 -4.0013   .8676   .0000   .0000  .22358  .39886         .2236
 127 -4.1568   .8772   .0000   .0000  .22323  .39886         .2232
 128 -4.3173   .8870   .0000   .0000  .22292  .39885         .2229
 129 -4.4828   .8968   .0000   .0000  .22262  .39885         .2226
 130 -4.6536   .9068   .0000   .0000  .22236  .39884         .2224
 131 -4.8297   .9169   .0000   .0000  .22213  .39883         .2221
 132 -5.0114   .9271   .0000   .0000  .22193  .39883         .2219
 133 -5.1989   .9375   .0000   .0000  .22176  .39882         .2218
 134 -5.3924   .9481   .0000   .0000  .22165  .39881         .2216
 135 -5.5920   .9588   .0000   .0000  .22159  .39880         .2216
 136 -5.7981   .9698   .0000   .0000  .22162  .39879         .2216
 137 -6.0109   .9809   .0000   .0000  .22175  .39878         .2218
 138 -6.2306   .9924   .0000   .0000  .22204  .39877         .2220
 139 -6.4575  1.0043   .0000   .0000  .22254  .39876         .2225
 140 -6.6922  1.0166   .0000   .0000  .22337  .39874         .2234
 141 -6.9350  1.0295   .0000   .0000  .22468  .39873         .2247
 142 -7.1867  1.0434   .0000   .0000  .22675  .39872         .2267
 143 -7.4482  1.0585   .0000   .0000  .22999  .39870         .2300
 144 -7.7211  1.0755   .0000   .0000  .23514  .39869         .2351
 145 -8.0078  1.0956   .0000   .0000  .24351  .39869         .2435
 146 -8.3126  1.1206   .0000   .0000  .25762  .39869         .2576
 147 -8.6435  1.1541   .0000   .0000  .28298  .39870         .2830
 148 -9.0183  1.2040   .0000   .0000  .33410  .39874         .3341
 149-20.0000  1.2861 32.6368   .1240  .39883  .39883         .4553
 150-20.0000  1.3801 33.1333   .3890  .39890  .39890         .6529
 151-20.0000  1.4761 33.3045   .5770  .39896  .39896         .9432
 152-20.0000  1.5743 33.3943   .7095  .39899  .39899        1.3733
 153-20.0000  1.6749 33.4476   .8022  .39899  .39899        2.0167
 154-20.0000  1.7781 33.4811   .8665  .39896  .39896        2.9892
 155-20.0000  1.8843 33.5028   .9109  .39889  .39889        4.4769
 156-20.0000  1.9943 33.5170   .9412  .39878  .39878        6.7867
 157-20.0000  2.1091 33.5264   .9618  .39861  .39860       10.4412
 158-20.0000  2.2306 33.5327   .9757  .39834  .39834       16.3767
 159-20.0000  2.3621 33.5367   .9849  .39794  .39793       26.3879
 160-20.0000  2.5091 33.5394   .9910  .39733  .39732       44.2357
 161-20.0000  2.6797 33.5412   .9950  .39639  .39638       78.6176
 162-20.0000  2.8841 33.5422   .9974  .39490  .39489      151.5035
 163-20.0000  3.1284 33.5428   .9988  .39249  .39247      321.0109
 164-20.0000  3.4053 33.5431   .9995  .38852  .38850      734.1885
 165-20.0000  3.6841 33.5432   .9998  .38209  .38207     1683.4844
 166-20.0000  3.9142 33.5433   .9999  .37237  .37234     3431.3983
 167-20.0000  4.0594 33.5433   .9999  .35972  .35969     5687.2756
 168-20.0000  4.1301 33.5433  1.0000  .34722  .34717     7828.7283
 169-20.0000  4.1660 33.5433  1.0000  .34027  .34021     9838.9558
 170-20.0000  4.2077 33.5433  1.0000  .34306  .34297    12543.0030
 171-20.0000  4.2915 33.5433  1.0000  .35244  .35231    17903.2818
 172-20.0000  4.4397 33.5433  1.0000  .35536  .35518    30184.5298
 173-20.0000  4.6299 33.5433  1.0000  .34159  .34134    55863.7069
 174-20.0000  4.7846 33.5433  1.0000  .31346  .31310    92122.4014
 175-20.0000  4.8268 33.5433  1.0000  .28041  .27990   110967.4160
 176-20.0000  4.7542 33.5433  1.0000  .25133  .25059    96734.0950
 177-20.0000  4.6212 33.5433  1.0000  .22893  .22783    69728.5157
 178-20.0000  4.4770 33.5433  1.0000  .21082  .20919    46934.9740
 179-20.0000  4.3472 33.5433  1.0000  .19422  .19177    31387.8085
 180-20.0000  4.2369 33.5433  1.0000  .17879  .17507    21102.6746
 181-20.0000  4.1382 33.5433  1.0000  .16559  .15986    14023.3837
 182-20.0000  4.0383 33.5433  1.0000  .15559  .14663     8982.5849
 183-20.0000  3.9241 33.5433  1.0000  .14963  .13544     5415.4737
 184-20.0000  3.7798 33.5433  1.0000  .14913  .12628     2995.6516
 185-20.0000  3.5798 33.5433   .9999  .15710  .11956     1457.7795
 186-20.0000  3.3360 33.5432   .9997  .17460  .11712      686.5082
 187-20.0000  3.0351 33.5431   .9993  .20261  .11973      304.6171
 188-20.0000  2.6703 33.5425   .9981  .24302  .12956      125.5192
 189-20.0000  2.2436 33.5406   .9938  .29926  .15076       48.2139
 190-20.0000  1.7631 33.5340   .9786  .37621  .18942       17.5854
 191-20.0000  1.2446 33.5094   .9248  .47443  .24874        6.3056
 192-20.0000   .7190 33.4227   .7574  .57094  .31523        2.3539
 193-20.0000   .2319 33.1239   .3807  .60361  .36195         .9747
 194-20.0000  -.1485 31.8030   .0182  .47740  .38257         .4862
 195-20.0000  -.3715   .0000   .0000  .31131  .38941         .3113
 196-20.0000  -.5030   .0000   .0000  .23177  .39215         .2318
 197-20.0000  -.5899   .0000   .0000  .18696  .39356         .1870
 198-20.0000  -.6516   .0000   .0000  .15849  .39438         .1585
 199-20.0000  -.6975   .0000   .0000  .13901  .39491         .1390
 200-20.0000  -.7328   .0000   .0000  .12498  .39527         .1250
